time,x,y,z,phi,theta,psi,x_velocity,y_velocity,z_velocity,phi_velocity,theta_velocity,psi_velocity,rotor_speed1,rotor_speed2,rotor_speed3,rotor_speed4
0.06,5.755259419664564e-08,7.952504592866436e-07,10.001919818605955,0.0006387383671810909,6.283089146965409,0.0,6.363802168182147e-06,6.291973106451699e-05,0.06399191450522541,0.02621168214994716,-0.005018104771115417,0.0,425.7896299497908,425.36022287993717,423.9450152094898,426.1907834004493
0.12000000000000001,3.546689333790422e-06,2.3169089779964416e-05,10.008186175556894,0.001935208101061292,6.28269799892934,0.0,0.00014408664201269784,0.0008272486693055407,0.14487900168193737,0.010288152387441792,-0.00970429338891156,0.0,430.4480874929726,430.0515098155214,432.0260276574088,430.68159627001955
0.18,2.5384108471977243e-05,0.00011844902176675247,10.02132743961354,0.0028472052191395036,6.282067749559994,0.0,0.000649935012991467,0.0024337619350453038,0.2931357767418319,0.023556206333744646,-0.012153885166424554,0.0,452.05389888924276,451.85662668251166,451.48713787979557,452.5560780372916
0.23999999999999996,8.858672128858285e-05,0.00032432418716352607,10.040515687275889,0.004226833190783097,6.281150808230123,0.0,0.0015342385012855012,0.004561521470219295,0.34645681774586495,0.021844708055321512,-0.022416657912131998,0.0,421.9687397492105,421.0820883595039,422.41378220896513,422.26626345378133
0.3,0.0002283832780384195,0.0006933499143399304,10.064983975657324,0.005480837667106719,6.280511869016921,0.0,0.0032229263485849835,0.007874326775549506,0.4691089338466355,0.018940713159438332,0.006106273216235724,0.0,443.06969042753764,445.4081898249159,444.23450686666155,443.9963486392118
0.36000000000000004,0.0004735237580040966,0.0012786392091772589,10.095305688908763,0.0062801878707015035,6.280685275874616,0.0,0.004920991826239698,0.011733273058939718,0.5415822811050034,-0.001341847581110188,-0.004475844344155475,0.0,429.0212905746072,428.1219506185209,428.941903011638,427.21617360516694
0.4200000000000001,0.0008174161703705385,0.0021027822935015795,10.129324766092143,0.0058481079514196566,6.280698842834676,0.0,0.006552815518279194,0.015717326488998602,0.5923617213647995,-0.02273403775985051,0.008275630096298503,0.0,421.09121783995226,422.1926906797879,421.91314849667,420.06250083061957
0.48000000000000015,0.0012666126628164544,0.0031775997110837545,10.170699748041176,0.00397488254000411,6.281394708930058,0.0,0.008350155052437726,0.01993452734318047,0.7866915664384546,-0.0593773441616623,0.017528541064065067,0.0,466.9155929675741,467.6366785809721,466.6826820490387,463.8135355065787
0.5400000000000001,0.0018008518742755998,0.004443942630887947,10.22143074109214,4.570849529983434e-07,6.282916627483553,0.0,0.009319538211405182,0.02188844644794012,0.9042567755345835,-0.08575622586343527,0.0376599128968052,0.0,442.1399375783235,443.79530210644083,444.2899887123347,442.11863700992126
0.6000000000000002,0.0023560925441902286,0.005734704322275475,10.283026249363699,6.278800947167799,0.0021554956096005995,0.0,0.00889894493006193,0.02055864064720879,1.1487126455518362,-0.05541277495720887,0.04538968344138986,0.0,480.34300795524763,480.9294674390921,481.01316294652736,483.30122030168735
0.6600000000000003,0.002832897189354694,0.006860735920349868,10.355772182250693,6.275392636262662,0.004870266390050837,0.0,0.006706554035487672,0.01661958627665667,1.276015371865652,-0.05974521536208699,0.04495770674108983,0.0,447.79237645893903,447.75840923454336,446.0151134587582,445.658968000017
0.7200000000000003,0.0031286937703412293,0.007690361172958301,10.43448191377224,6.271773000551544,0.007073849254123132,0.0,0.002904285767711477,0.010683077222637971,1.3475559755292708,-0.06151698579872304,0.010202500590587032,0.0,430.49509365361394,427.54501747371717,429.9056136755331,429.7527595657672
0.7800000000000004,0.003159336186523728,0.008090006013235278,10.517668878448552,6.268526305637465,0.007444760553440233,0.0,-0.0019322209021771074,0.0023002389023035817,1.425244321790527,-0.042363143136529675,-0.0034021962136763654,0.0,431.8639342109729,430.71490834986525,431.11028521618374,432.7233467425585
0.8400000000000004,0.002818194208380422,0.007768113383988838,10.615935841014599,6.266150197131765,0.007165944850399342,0.0,-0.009398789435859894,-0.013389176143637336,1.84972969253576,-0.03458463961916487,-0.007260620145224341,0.0,532.8243089896388,532.5605762298893,530.8495520982547,531.3824629824087
0.9000000000000005,0.002084492501721214,0.006547392236425358,10.733223315865649,6.26414949696677,0.006692421422426875,0.0,-0.015001708707379076,-0.027536128555363252,2.059494947583641,-0.030974803057501225,-0.009185852774060975,0.0,473.43876177822983,473.2907400570783,473.9099303740701,474.18693138003385
0.9600000000000005,0.0010415104032698403,0.004475091525676057,10.860825076158717,6.262542229739278,0.005922946363713599,0.0,-0.01969336068565057,-0.04172004839360511,2.1936457638436497,-0.019510199701371675,-0.021331070599474894,0.0,452.5368256682809,451.5583031278574,450.9173002971351,451.84228449215817
1.0200000000000005,-0.00026993803451357516,0.0014974941177759997,10.997607068379956,6.260772722982731,0.004697652731303847,0.0,-0.023878675316081906,-0.0576546004393001,2.365412273899044,-0.08233221057027956,-0.01866205844972878,0.0,463.47328924705386,463.6830415938375,466.25752162331617,461.32253493622994
1.0800000000000005,-0.0017967314342925923,-0.002450901216411768,11.142836141770402,6.255766964559754,0.0033343094247682004,0.0,-0.026886593927830865,-0.07446750077534642,2.4753127126253136,-0.08571753305880435,-0.03241914596088981,0.0,446.6870300830304,445.5637171364752,444.94407047168994,444.6611613578084
1.1400000000000006,-0.0034844396810142586,-0.007627901581251946,11.298679852798664,6.250621338423798,0.0009340986824728503,0.0,-0.029110548736940196,-0.0987174855737335,2.7189122530818337,-0.08584632235627368,-0.06291808024796694,0.0,487.13631600134914,484.8495078366949,485.9790632624843,485.9640416485683
1.2000000000000006,-0.005236728956371656,-0.014364975147610572,11.468431419879055,6.245288105725091,6.2801474812202365,0.0,-0.028836299168641655,-0.1264600639850979,2.9389111531400833,-0.09578801707299561,-0.07373079262612843,0.0,480.00798482800866,479.1837923987555,481.4156093461425,480.65680814366686
1.2600000000000007,-0.006887877681647135,-0.022752117028670155,11.647630034682628,6.239919331717228,6.275845114622143,0.0,-0.025761237721454007,-0.15366205039472003,3.0341015269298484,-0.07917146919687808,-0.06793845227459774,0.0,443.6833235013548,444.1546491158413,443.01258236713517,444.36994546700123
1.3200000000000007,-0.00826993633533026,-0.03286390835717629,11.832213912216243,6.234734328963542,6.271481293973759,0.0,-0.0198907352016111,-0.18387579524739384,3.118439193910845,-0.10765475058121157,-0.08462943945084664,0.0,441.9454208607628,440.5632444325525,441.8637951478823,439.50265420479525
1.3800000000000008,-0.009247690353714666,-0.044743879165711556,12.0187150021916,6.227967417982935,6.2665050807465725,0.0,-0.012276864853574791,-0.21268025488509246,3.0982808140565608,-0.12575503884721645,-0.07975213837596223,0.0,407.19959818570584,407.62939185125526,407.6721796198154,406.0387111738984
1.4400000000000008,-0.009599448859264469,-0.05874684192381229,12.208869318508563,6.220383415565877,6.262182293881057,0.0,0.0010340521949831778,-0.25488002178251606,3.2397434100942766,-0.12772089534892925,-0.05992003422503436,0.0,458.8916234426714,460.45923821454306,458.9073982243249,458.7373117713738
1.5000000000000009,-0.009067891756066836,-0.07543134103199468,12.407241654247597,6.213070440606767,6.258908672829353,0.0,0.017041704357173823,-0.30204192424315107,3.3722166587219946,-0.11221967425676237,-0.0455625831368374,0.0,457.51106846176816,458.6508433848323,456.2192926292786,457.44218704021307
1.560000000000001,-0.0074653745681899026,-0.0952227864575706,12.615260359242972,6.206084684570353,6.256059243995114,0.0,0.036682970152854724,-0.35841874519132866,3.5610927817354128,-0.12655096761352097,-0.05165417878768611,0.0,475.58352149688284,475.1154908238551,475.8226702897247,474.7129149459886
1.620000000000001,-0.00469304754039284,-0.1183467582211485,12.831841746321796,6.198398762859934,6.253243906259701,0.0,0.056018849032626494,-0.41313019639718096,3.6578953521064244,-0.13138554440582814,-0.03883151185712929,0.0,448.35822838022636,449.3975043990624,448.8158006474417,448.408378077263
1.680000000000001,-0.0005801622928077485,-0.1452666880701635,13.058311645937641,6.1902738105337285,6.250865849096192,0.0,0.081340630153902,-0.4851036949548555,3.890222873409265,-0.14501427523031513,-0.04128977827619365,0.0,489.7328686270475,489.5493424062332,490.95999019919253,489.93252268074104
1.740000000000001,0.0050237719508530645,-0.17645664122862986,13.296039862665546,6.181581207855018,6.248526022165274,0.0,0.10570189799981647,-0.555454300831844,4.033429222558627,-0.1446033188406208,-0.03476739980257586,0.0,464.5318662041072,465.0423839109841,466.4858784755536,466.499439004008
1.8000000000000012,0.011937174019300832,-0.21146422592527567,13.53660567659668,6.173359016479999,6.246799594878986,0.0,0.12490181941949821,-0.6121551903411396,3.985495664253322,-0.12509067774629068,-0.01888935330405983,0.0,404.8750865842136,406.3009012851572,404.1269452100932,405.86242595588055
1.8600000000000012,0.020152529787220666,-0.25038370029829965,13.777677350764153,6.165813499879517,6.2463007869880585,0.0,0.14900773929554575,-0.6858612017961105,4.049879133012217,-0.127127655088089,0.00717645933916603,0.0,440.92613975026893,443.07455233096624,442.9652998581039,442.78328476201335
1.9200000000000013,0.029898870117005042,-0.29413271169836164,14.02475959227375,6.1581424331850805,6.247195573846707,0.0,0.1757753262335945,-0.7731992884713298,4.185565647306332,-0.12933717001882292,0.02708361429265963,0.0,464.57836280932924,466.13665418652704,465.33940552153393,465.15226787183155
1.9800000000000013,0.041153847908404,-0.343032838647045,14.277940366450373,6.150455105014164,6.2494124582130475,0.0,0.19918624965495485,-0.857522591556697,4.253403327084096,-0.12579887392673547,0.051645845921069536,0.0,444.4758676909184,446.4850810862029,445.6164049606631,445.89062594778653
2.0400000000000014,0.05396535236841142,-0.3979537935904499,14.54117240550803,6.142677278211391,6.252002578695663,0.0,0.22744926440380195,-0.9740039959219047,4.519791781615742,-0.13866372577624947,0.015075461834825268,0.0,506.8885206043386,504.2540935751086,505.63151070893485,504.69048366637725
2.1000000000000014,0.06815887951546275,-0.45889364313652653,14.812149666768338,6.1347231442503976,6.252844781905168,0.0,0.24559039049634088,-1.0580252983756453,4.512651153650892,-0.12255379146922246,0.011873892853587106,0.0,424.22498963240395,423.94985522942613,424.67677822744366,426.0393247846373
2.1600000000000015,0.08340370058863142,-0.5248997556548761,15.081933547309832,6.127315476429988,6.253514807626431,0.0,0.2625137038467146,-1.142804896305246,4.4801167728402325,-0.12533855369465066,0.009714662215644397,0.0,416.58168408694013,416.3926928390672,416.5889014834145,416.3303430694452
2.2200000000000015,0.09983475761086855,-0.5970814575078895,15.355823657955833,6.120318468788675,6.254106025714378,0.0,0.2850976220756284,-1.263950160839311,4.648659507763516,-0.1032523260662629,0.010130144569085715,0.0,479.9385979714305,479.9700025330348,479.4626373839546,481.1264801352347
2.2800000000000016,0.11744790192885547,-0.675793251481593,15.634393920636896,6.114474377015295,6.254940991732298,0.0,0.30194173511978223,-1.3602977900816773,4.636897999783416,-0.08771880529279373,0.020578129843952606,0.0,424.85436367456526,425.74925459277716,425.0019611739087,426.3227221204601
2.3400000000000016,0.13615830277052823,-0.7610111182388603,15.915882249545545,6.10927167104458,6.256316441531933,0.0,0.3215841194483787,-1.4807618377854448,4.7454067043872605,-0.08477141095528731,0.027245326774781583,0.0,463.47240333723687,463.99619511878353,464.43906328084086,464.66434293130146
2.4000000000000017,0.15605834687671358,-0.8538438539437031,16.205418300860398,6.103958980999209,6.257734974935646,0.0,0.3415544312820915,-1.6141176371539927,4.904900639775577,-0.0974187957585704,0.015234768952621311,0.0,481.23716921598856,480.3270909211115,481.290470530344,480.3262216153113
2.4600000000000017,0.17705449346063973,-0.9542951757427287,16.50170917301067,6.098483799482219,6.2591117830047445,0.0,0.3581888337946843,-1.734755606772363,4.9709559520811135,-0.0811381774606813,0.0350857161783972,0.0,453.8734202278,455.46407949913805,453.0668704435981,454.3671961393559
2.520000000000002,0.19888141916541405,-1.0610384305713725,16.79632033060296,6.093493166076424,6.261055235528339,0.0,0.36924036756432926,-1.8238046869108755,4.849789051862737,-0.08760050103635213,0.026369212537538978,0.0,392.9179073340878,392.10936174870443,392.2843439619267,391.67700517895054
2.580000000000002,0.22147475454419355,-1.1743365165902053,17.089528688043053,6.088012728844976,6.263181117468239,0.0,0.3836689925033879,-1.9532674322710564,4.923269487296409,-0.1001212334268723,0.04920637980856902,0.0,455.65404698461674,457.4768295001302,457.6585744988278,456.65392679532846
2.640000000000002,0.24487800406679242,-1.2954464537820467,17.386751277843455,6.08171086960694,6.266472072915075,0.0,0.39612025438199877,-2.084272281361831,4.983623894528939,-0.11730003602728858,0.0642461618559924,0.0,453.33856128439123,454.54751579270015,454.6160281366605,453.22766977305076
2.700000000000002,0.268872241276714,-1.4234545995885937,17.682241258807476,6.074730603981788,6.269985692386005,0.0,0.4034249679011212,-2.183273676821068,4.86633586215555,-0.11448121114126841,0.043664403207354506,0.0,396.7723468081597,394.88063446325754,394.64904590742856,394.89521333379196
2.760000000000002,0.29335546595038725,-1.5591451472541622,17.978360873107846,6.067585834130686,6.273377018691656,0.0,0.412330276847632,-2.3403676667659847,5.00336442599109,-0.13036943391221392,0.07437181416541397,0.0,476.3770763899066,478.72148116517366,479.28731642345326,478.0662607575633
2.820000000000002,0.3182696298440759,-1.703945064711893,18.280473089954345,6.05924217134859,6.278193151040407,0.0,0.41767230582858195,-2.487002629066894,5.066393140625246,-0.16858348288361863,0.09001685577067998,0.0,455.995341070859,457.2485282384557,459.73432793706024,456.677338690517
2.880000000000002,0.34340068071127566,-1.8575712665920803,18.585664658009687,6.048890003511222,0.0006921489000468739,0.0,0.41949159355919996,-2.6347714617507023,5.106035180269479,-0.18190810597074916,0.10281107591702751,0.0,450.40497580366224,451.4461063841886,452.58094998772606,451.4787730110546
2.940000000000002,0.3685280571505398,-2.0201270641790856,18.892593182588904,6.037934622456399,0.007108727386031077,0.0,0.41749878785614436,-2.784704919868316,5.124346940777403,-0.18398671898594227,0.11413223536938284,0.0,445.56352035020586,446.4981939743515,446.09933935050935,445.89738841151984
3.000000000000002,0.393399732304093,-2.192247348688781,19.201995987385367,6.027570854112671,0.014002495867842413,0.0,0.4108699493273981,-2.9535718625824847,5.188233996963739,-0.1565259089257451,0.11638044195475468,0.0,461.05652647117967,461.2453992893298,461.34145050041974,463.4769037917326
3.0600000000000023,0.41775363701401474,-2.37435379044098,19.513830101694218,6.017911453088113,0.021025212041222652,0.0,0.400274998477344,-3.117461902148349,5.205634169511429,-0.17186525257884755,0.11834163151800345,0.0,448.4301740332576,448.6016231361715,449.6309485342582,448.3616569889981
3.1200000000000023,0.441386185645169,-2.5659094977589443,19.82455519201203,6.007689804856799,0.02841129351224847,0.0,0.3868732347654833,-3.2685992347538124,5.151598972965775,-0.16751384167770608,0.13122830839721042,0.0,425.3265361322376,426.4433403584409,426.7492878677372,427.09149367983974
3.1800000000000024,0.4639355915299984,-2.768107193119412,20.136895055509694,5.997471160071402,0.03589210610874716,0.0,0.3639650730209186,-3.472186301149001,5.258519337159224,-0.1765810823312309,0.1065080133053011,0.0,480.13415409789945,478.2672478342411,478.9907258467367,478.2749187206479
3.2400000000000024,0.48509281908013535,-2.9816722593725022,20.45193970778223,5.987332898802274,0.04262801853712439,0.0,0.34069773408992754,-3.6475213814383105,5.242397242154327,-0.15697336565470088,0.12181727799402293,0.0,442.48587833228163,443.7557421449728,440.93388466549436,442.5232163177174
3.3000000000000025,0.5049080258804254,-3.2047525637365792,20.762070758886633,5.977436086447927,0.04991556159249644,0.0,0.3192831637412239,-3.7893285711809384,5.095470641333567,-0.18989472331044163,0.12073352847106669,0.0,398.7784292455255,398.69457806344735,398.8049287033626,395.7548237603606
3.3600000000000025,0.5231415498772497,-3.4376453542628096,21.06695192809864,5.966088222178179,0.05694437322386481,0.0,0.2878866200806709,-3.974710416880787,5.066610243529547,-0.18764821218289685,0.10879292116163929,0.0,440.452104878762,439.4756487605588,438.640824112484,438.79208844963637
3.4200000000000026,0.5393006820933741,-3.68223377618869,21.371130739337097,5.955134010728791,0.06356954510976642,0.0,0.25016588261063966,-4.179152163563018,5.071814289042726,-0.17398407409766004,0.11348639696020404,0.0,452.55719168810833,452.9454118522004,450.8811665122036,451.9521007500296
3.4800000000000026,0.5531205696413171,-3.9390505498125994,21.67480794650715,5.94435003302398,0.0703628145494255,0.0,0.2099129530428645,-4.382280475696997,5.050012830048324,-0.194831355263202,0.1126858262234015,0.0,444.50748411021505,444.45325989697216,446.5303656688918,444.7944315050855
3.5400000000000027,0.5642915813228032,-4.208779057178939,21.978545252680917,5.932746589076473,0.07736048502024939,0.0,0.16183657875866048,-4.609602243059149,5.073433451387026,-0.19065908604621354,0.12352585295192825,0.0,461.96114968907284,462.826824970193,460.9002432599111,461.19494131191306
3.6000000000000028,0.5724472957695671,-4.492338033872765,22.283471757192384,5.92173516172857,0.08550199381888035,0.0,0.10931994842401177,-4.843245060412401,5.089638743284806,-0.17213259657714056,0.15284092715937342,0.0,460.8905228449961,463.2177992333873,460.97483268587075,462.4052404862055
3.660000000000003,0.57714808109409,-4.790704113550389,22.590762201047383,5.9113900675742315,0.09437386281904647,0.0,0.04652017533025371,-5.103053574096903,5.1518927443380775,-0.17299488378023906,0.13538705464490763,0.0,479.8105056475036,478.5018971696975,479.1113879539408,479.0196108236155
3.720000000000003,0.5782266599521728,-5.103638235608423,22.898492558231776,5.901348639342583,0.1024380778829066,0.0,-0.011233318459825194,-5.328902915902517,5.104941048731308,-0.15797554528213348,0.1323626458125813,0.0,445.951648320238,445.7210670340807,446.80628485014597,448.00261437289106
3.780000000000003,0.5757104564280601,-5.430272112961062,23.20320412884059,5.892123121976564,0.11005912763930592,0.0,-0.07327257427050377,-5.559655010226769,5.051284330002831,-0.14644296387228134,0.1133176777843409,0.0,447.4741130782323,445.93508869849023,445.36549451856666,446.2856535412707
3.840000000000003,0.569443297562398,-5.770587122503224,23.503767913963024,5.882904311902564,0.11720142879816287,0.0,-0.13617503901256303,-5.784946860420766,4.966842991300458,-0.17466977071524864,0.12853915159476212,0.0,437.24534269670886,438.52476128822417,438.3534549797646,435.97734922014763
3.900000000000003,0.5593735369668222,-6.1243002536800155,23.798458798553142,5.872395794759969,0.12503599060940918,0.0,-0.20007103714891972,-6.006371533583011,4.855553495611051,-0.17610200529369865,0.1343629824111777,0.0,429.61471947961326,430.1246040672386,429.6773312134647,429.5251658023879
3.960000000000003,0.5449825460680517,-6.492635297325106,24.088984843962766,5.861832894053389,0.13281058748402863,0.0,-0.2802610475047786,-6.27224546460597,4.827364718237798,-0.17594139784640253,0.1177024657324211,0.0,460.745000252869,459.4401902657334,460.29436944991625,460.2783987461662
4.020000000000002,0.5258019980848461,-6.876647286616155,24.376597341213948,5.851896172261155,0.1396119815525685,0.0,-0.3596103987346172,-6.528950713716193,4.7586542540727965,-0.15040945349230853,0.10283073477372225,0.0,449.979294825533,448.7846351296535,448.1853516722573,450.2297814088499
4.080000000000001,0.5017090506923854,-7.276371610113512,24.660209455943395,5.8429836123329775,0.14548595439469647,0.0,-0.4439227616890091,-6.795905835666915,4.693983083749916,-0.1450526166775042,0.0855605485777916,0.0,454.59808560994185,453.21962584093444,452.14856839005387,452.5597419705014
4.14,0.4720129697876312,-7.693599668343994,24.942557670675175,5.834287145823481,0.15079054270610204,0.0,-0.54628326214146,-7.1122324236756445,4.7158522792186774,-0.1447192837262707,0.0935700489582247,0.0,483.99690649591986,484.6052592816591,485.04418438545764,485.0515162931846
4.199999999999998,0.4364290764481657,-8.128991744526678,25.22394823738873,5.825142839970464,0.1565812638069195,0.0,-0.640228223890587,-7.4014941747660545,4.662483816139724,-0.17580033539222736,0.1018240276849017,0.0,463.27516105218535,463.9313801110765,464.80986356993196,462.34519560968954
4.259999999999997,0.3953785931371892,-8.581182982370459,25.500446198803118,5.814636677686801,0.16318055846760515,0.0,-0.7285515033823587,-7.6723743022152675,4.5529712538563185,-0.17374467037370372,0.12267980180832834,0.0,446.6516637367768,448.3601927601986,447.08730309937965,447.2255024815979
4.319999999999996,0.3475632441744832,-9.05353871511512,25.777503530450783,5.80370740747712,0.1700387274068742,0.0,-0.8657649133771306,-8.07315795974535,4.679193610360434,-0.209725467731953,0.08690390474014104,0.0,528.5604018891578,526.0973202925946,528.7775180859868,526.2647539564837
4.379999999999995,0.29259911564932134,-9.54691572969767,26.05556082742228,5.791268201904725,0.1751774139402862,0.0,-0.9666492951848725,-8.373569276325465,4.587738949863627,-0.2029049810171752,0.08300133519874292,0.0,463.90796593960704,463.6070281315997,462.89262849696166,463.388819604776
4.439999999999993,0.23145405748824507,-10.058678408701653,26.32816238147669,5.780155181467858,0.1804638146916231,0.0,-1.0717801543674106,-8.685935297005235,4.49726525367881,-0.16309221051440376,0.09673851939032437,0.0,466.94267125959703,468.01938710817547,466.2981478595845,469.36594018314076
4.499999999999992,0.16399931134926415,-10.589179055795638,26.594726978547953,5.7704716670600575,0.18670589317901864,0.0,-1.1770550909524204,-8.9981135564665,4.386659488810797,-0.15819550034985833,0.11563947708651055,0.0,464.26337349508,465.7532173637828,463.87111333319507,464.2320281393185
4.559999999999991,0.09152613500185668,-11.134997722623735,26.84805174020614,5.761100408243973,0.1933843085007485,0.0,-1.2392071466464796,-9.197119525528914,4.057630237408956,-0.1524518626049982,0.10082076930239481,0.0,384.24374902891446,382.8487336727402,383.59829573642264,384.1162458268601
4.6199999999999894,0.01351563762286615,-11.697363593955588,27.089182532662818,5.751429401427988,0.1992917237224887,0.0,-1.3614281904943755,-9.548964441878406,3.9780416170787753,-0.1909840325982956,0.09325630171410543,0.0,479.011445085215,478.4432113744961,481.6704465601937,478.72259010196893
4.679999999999988,-0.0709413243223485,-12.278605155431388,27.321132276050875,5.7406356946263735,0.20484507857181544,0.0,-1.4541240557786042,-9.826750949966664,3.752548549941038,-0.163870958926037,0.0911180849103965,0.0,431.6502561022596,431.4772075933437,429.51337362982093,431.7744018343006
4.739999999999987,-0.1613123362480452,-12.87742890756186,27.540517780793195,5.731073333271745,0.2101924688740393,0.0,-1.558520500432585,-10.134908401164488,3.5589265810985884,-0.15163472481917226,0.08480406760934944,0.0,446.3080727954122,445.7988242811986,445.6262252121581,446.6015662696981
4.799999999999986,-0.2580048680402484,-13.494927436322234,27.748021828723395,5.721932107856642,0.2148528540304966,0.0,-1.6648012993915975,-10.449253519089837,3.356482238623575,-0.15383013476538873,0.05696206424285131,0.0,447.6937336243682,445.42628543917317,446.0760903618395,445.87491237552115
4.859999999999984,-0.36212486742711986,-14.133933867856408,27.947003233796917,5.712852225935613,0.21851243435502,0.0,-1.8058163931179594,-10.85141112539999,3.273681405480579,-0.14675667289556066,0.0680306915676352,0.0,494.2052277981363,495.0228701479566,491.6806310893208,492.18540012943663
4.919999999999983,-0.4734689996791514,-14.794171655815829,28.135856355826846,5.704365541767773,0.22237036351441297,0.0,-1.9058515166482413,-11.157553892626908,3.0202195361073385,-0.1325208317417634,0.05553861060985552,0.0,436.8097007561717,435.769360474315,436.06900948496127,437.23788610452067
4.979999999999982,-0.5917981930499081,-15.475278605139097,28.3127471642475,5.696224205788006,0.22599541430316616,0.0,-2.0384448493707508,-11.546618539102289,2.8739033970812806,-0.14291831241167227,0.06872294108406914,0.0,480.3638544628165,481.36520102883236,479.6412320774811,478.83502036511373
5.0399999999999805,-0.7174236275499586,-16.17826475296851,28.47801591719529,5.687785679557081,0.23013644863906801,0.0,-2.1492157539599854,-11.887218806453577,2.633422761166034,-0.13644400308307367,0.06959913321586363,0.0,450.9144178759525,450.9887498655489,449.9259542698364,450.4318917771108
